Dataset:
	Amplitude = 0.66135
	Offset = 2.62885
	Frequency = 0.977479
	Phase = -0.418298

Max: 0.001

