Constraints:
	Time = [0, 6.28319]
	Amplitude = [0, 5]
	Offset = [-10, 10]
	Frequency = [1, 3]
	Phase = [-3.14159, 3.14159]

Parameters:
	Amplitude = 3.69333
	Offset = -7.54653
	Freq = 2.84074
	Phase = -0.43394

